client:
  module1: 1
  module2: 2
  module3: 3
  module4: 4

position:
  point1:
    x: 0.6675429940223694
    y: 0.9015401430428028107
    z: 0.002471923828125
    aruco_id: 5
    mode: NAVIGATION_ONLY
  point2:
    x: 1.3040435314178467
    y: 0.928110727667808533
    z: 0.002471923828125
    aruco_id: 5
    mode: NAVIGATION_ONLY
  point3:
    x: 1.3040435314178467
    y: 0.928110727667808533
    z: 0.002471923828125
    aruco_id: 5
    mode: NAVIGATION_ONLY
  point4:
    x: 1.8156918287277222
    y: -0.3954252004623413
    z: -0.001434326171875
    aruco_id: 5
    mode: NAVIGATION_ONLY
  point5:
    x: 2.919975757598877
    y: -0.363183856010437
    z: -0.001434326171875
    aruco_id: 5
    mode: NAVIGATION_ONLY
