client:
  module1: 1
  module2: 2
  module3: 3
  module4: 4

position:
  point1:
    x: 0.844380348615463
    y: 0.10653811897806698
    ori_z: 0.1330495043832725
    ori_w: 0.9911093932474687
    aruco_id: 5
    mode: NAVIGATION_ONLY
  point2:
    x: 1.3040435314178467
    y: 0.928110727667808533
    ori_z: 0.002471923828125
    ori_w: 0.9999
    aruco_id: 5
    mode: NAVIGATION_ONLY
  point3:
    x: 1.3040435314178467
    y: 0.928110727667808533
    ori_z: 0.002471923828125
    ori_w: 0.9999
    aruco_id: 5
    mode: NAVIGATION_ONLY
  point4:
    x: 1.8156918287277222
    y: -0.3954252004623413
    ori_z: -0.001434326171875
    ori_w: 0.9999
    aruco_id: 5
    mode: NAVIGATION_ONLY
  point5:
    x: 2.919975757598877
    y: -0.363183856010437
    ori_z: -0.001434326171875
    ori_w: 0.9999
    aruco_id: 5
    mode: NAVIGATION_ONLY
